2.226322070108765130e-08 3.722077268542013618e-05 3.987510151271110280e-06 4.021583791458094824e-06 -1.161177235538167832e-02 4.793049663777909641e-02 -2.966265457735893578e-06 3.768338608867306217e-07 1.648570722179393554e-07 -4.393321136785226700e-07 -2.850983922722116144e-06 -2.640604743200053109e-07 1.889511158744254527e-08
3.722077268542013618e-05 1.033947123195143591e-01 1.237082074668626776e-02 4.621405525418765224e-03 -6.445500938358985366e+01 6.415414399693004555e+01 -7.654526661772674545e-02 1.803598178169614052e-03 3.382646357395606846e-05 -6.449728271576935261e-04 -1.747859863842359451e-03 -1.056022483738954486e-03 6.863872259624186978e-04
3.987510151271110280e-06 1.237082074668626776e-02 5.217017425873994065e-03 -5.804508843584687237e-03 -5.974096210532326978e+00 1.136369765298718804e+01 -3.728955051741315169e-02 1.015955056931921877e-03 1.188516118651640626e-04 -2.624519603188851477e-04 2.608837760760260912e-03 -1.982082506259339708e-04 2.288586783752409061e-04
4.021583791458094824e-06 4.621405525418765224e-03 -5.804508843584687237e-03 1.186143393221458613e-02 -3.214706087045501981e+00 1.522095478287396331e+00 5.994116101604148039e-02 -1.539408385943975919e-03 -1.627586391593409756e-04 2.499188917790698752e-04 -4.581650603062487580e-03 1.090527391078736712e-04 -1.973135556253540618e-04
-1.161177235538167832e-02 -6.445500938358985366e+01 -5.974096210532326978e+00 -3.214706087045501981e+00 1.301446195903030166e+05 -8.506334740762610454e+04 -1.643645013263088828e+01 1.090502907431671442e+00 7.170807424800357266e-01 -4.553055915340217252e-01 -1.982707402348717007e+00 4.765653295540798751e-01 -7.469963417883199730e-01
4.793049663777909641e-02 6.415414399693004555e+01 1.136369765298718804e+01 1.522095478287396331e+00 -8.506334740762610454e+04 7.120159143721333239e+05 -1.629383386965132985e+01 4.564106068637764579e+00 1.714165408260526657e+00 -2.156820850010798374e+00 6.498941023608445278e+00 -2.022575635063348087e-01 -8.062412288622104739e-02
-2.966265457735893578e-06 -7.654526661772674545e-02 -3.728955051741315169e-02 5.994116101604148039e-02 -1.643645013263088828e+01 -1.629383386965132985e+01 5.112720397551517948e+01 -1.092022294212664946e+00 1.707608912955458844e-02 -1.522665153088499299e-02 -5.334390660399738332e-02 -2.452999869936982671e-02 -1.149215270681879777e-03
3.768338608867306217e-07 1.803598178169614052e-03 1.015955056931921877e-03 -1.539408385943975919e-03 1.090502907431671442e+00 4.564106068637764579e+00 -1.092022294212664946e+00 2.621670833076888280e-02 6.707426772027482473e-05 -6.239333059714937107e-04 1.569302650554321959e-04 5.110213764687457838e-04 -8.519321227566509962e-06
1.648570722179393554e-07 3.382646357395606846e-05 1.188516118651640626e-04 -1.627586391593409756e-04 7.170807424800357266e-01 1.714165408260526657e+00 1.707608912955458844e-02 6.707426772027482473e-05 7.786737606657880787e-04 -8.401987301542918540e-04 7.736267510363892166e-05 -4.177468570255168191e-05 -6.852406899895661494e-06
-4.393321136785226700e-07 -6.449728271576935261e-04 -2.624519603188851477e-04 2.499188917790698752e-04 -4.553055915340217252e-01 -2.156820850010798374e+00 -1.522665153088499299e-02 -6.239333059714937107e-04 -8.401987301542918540e-04 1.425817232327947258e-03 9.700974431231209390e-05 8.543306612284678819e-05 -9.130044395369092108e-06
-2.850983922722116144e-06 -1.747859863842359451e-03 2.608837760760260912e-03 -4.581650603062487580e-03 -1.982707402348717007e+00 6.498941023608445278e+00 -5.334390660399738332e-02 1.569302650554321959e-04 7.736267510363892166e-05 9.700974431231209390e-05 7.446074151530663876e-01 4.040563343273501692e-04 6.487595800687018938e-04
-2.640604743200053109e-07 -1.056022483738954486e-03 -1.982082506259339708e-04 1.090527391078736712e-04 4.765653295540798751e-01 -2.022575635063348087e-01 -2.452999869936982671e-02 5.110213764687457838e-04 -4.177468570255168191e-05 8.543306612284678819e-05 4.040563343273501692e-04 5.184193679597335356e-04 -9.204898101164116729e-05
1.889511158744254527e-08 6.863872259624186978e-04 2.288586783752409061e-04 -1.973135556253540618e-04 -7.469963417883199730e-01 -8.062412288622104739e-02 -1.149215270681879777e-03 -8.519321227566509962e-06 -6.852406899895661494e-06 -9.130044395369092108e-06 6.487595800687018938e-04 -9.204898101164116729e-05 4.104448199919020590e-04
